RIGOROUS RATIONAL FIXED-POINT CERTIFICATE FOR 22 HYBRID MARGINS
scale = 10^90
all interval operations use outward-rounded arbitrary-precision integers
all algebraic quantities are exact Fractions

p  s   xi                 tau_hyb                       Y      layers       margin interval
------------------------------------------------------------------------------------------------------------------------------------------------------------------------------------------
2  3  22/19              1321/608                      16/79   [2, 4]         [9.745786633966046777274863019577153382752514733763744534241378, 9.745786633966046777274863019577153382752514733763744534241379]
2  5  29/26              18445/5616                    6/49    [2, 4, 6, 8]   [13.454727090366425514351156752633636778432856049592932677066685, 13.454727090366425514351156752633636778432856049592932677066686]
2  7  110/101            105585/25856                  1/11    [2, 4, 6, 8, 10] [15.805524331097509620028828437822204332346084976444149419017116, 15.805524331097509620028828437822204332346084976444149419017117]
2  9  89/83              10906993/2324000              3/43    [2, 4, 6, 8, 10, 12, 14] [17.190005995811468358097999893057690659221364229593084939996210, 17.190005995811468358097999893057690659221364229593084939996211]
2 11  262/247            464385991/89631360            3/52    [2, 4, 6, 8, 10, 12, 14, 16] [17.790824360622351992242346584941732634748110483559020179660854, 17.790824360622351992242346584941732634748110483559020179660855]
2 13  181/172            144989487/25958240            2/41    [2, 4, 6, 8, 10, 12, 14, 16, 18, 20] [17.737379764768372552769187228748285853237672921721764618956004, 17.737379764768372552769187228748285853237672921721764618956005]
2 15  478/457            16666007411/2810615808        3/71    [2, 4, 6, 8, 10, 12, 14, 16, 18, 20, 22] [17.124944575766543930501306709330062374949632569509568685660089, 17.124944575766543930501306709330062374949632569509568685660090]
2 17  305/293            12175769323/1954839744        3/80    [2, 4, 6, 8, 10, 12, 14, 16, 18, 20, 22, 24, 26] [16.023242852853117694292950044583308075059955828224649867824706, 16.023242852853117694292950044583308075059955828224649867824707]
2 19  758/731            11693630797/1801184000        1/30    [2, 4, 6, 8, 10, 12, 14, 16, 18, 20, 22, 24, 26, 28] [14.484310655378680789266379211960726406373003750301405770131811, 14.484310655378680789266379211960726406373003750301405770131812]
2 21  461/446            536638388131/79764338368      1/33    [2, 4, 6, 8, 10, 12, 14, 16, 18, 20, 22, 24, 26, 28, 30, 32] [12.553794492186742533178153070801661231317374709474761931502831, 12.553794492186742533178153070801661231317374709474761931502832]
2 23  1102/1069          22108077629089/3185347156992  1/36    [2, 4, 6, 8, 10, 12, 14, 16, 18, 20, 22, 24, 26, 28, 30, 32, 34] [10.264641765760547036947241808792310737621532167154945571151530, 10.264641765760547036947241808792310737621532167154945571151531]
2 25  649/631            21299386717285/2985462031552  1/39    [2, 4, 6, 8, 10, 12, 14, 16, 18, 20, 22, 24, 26, 28, 30, 32, 34, 36, 38] [7.646580292916542001541925509142263614698625945423996422078582, 7.646580292916542001541925509142263614698625945423996422078583]
2 27  1510/1471          456079886220493/62372115303680 1/42    [2, 4, 6, 8, 10, 12, 14, 16, 18, 20, 22, 24, 26, 28, 30, 32, 34, 36, 38, 40] [4.724811329943833558865806153626042725768481032866265742468429, 4.724811329943833558865806153626042725768481032866265742468430]
2 29  869/848            14321093408042087/1915475381820000 1/46    [2, 4, 6, 8, 10, 12, 14, 16, 18, 20, 22, 24, 26, 28, 30, 32, 34, 36, 38, 40, 42, 44] [1.522247623229412769463736280741886373459812013242693047343379, 1.522247623229412769463736280741886373459812013242693047343380]
3  3  33/29              2029/928                      4/27    [3, 6]         [6.200294149415186117913980623555558903671500637954767716067304, 6.200294149415186117913980623555558903671500637954767716067305]
3  5  87/79              112477/34128                  7/73    [3, 6, 9]      [6.941905556192576374416395839528422863089464085589184293069913, 6.941905556192576374416395839528422863089464085589184293069914]
3  7  55/51              53435/13056                   1/15    [3, 6, 9, 12]  [6.163732078651439059809143436590280412389881453002499381400384, 6.163732078651439059809143436590280412389881453002499381400385]
3  9  267/251            33037241/7028000              1/19    [3, 6, 9, 12, 15, 18] [4.332047506141866306626289750909599193699894665222190174772071, 4.332047506141866306626289750909599193699894665222190174772072]
3 11  393/373            702154669/135354240           3/70    [3, 6, 9, 12, 15, 18, 21] [1.679644254174809479464764023350453021373853205185661752833510, 1.679644254174809479464764023350453021373853205185661752833511]
5  3  11/10              177/80                        7/71    [5, 10]        [2.515479614080844907840398336078316133389677312394398001673808, 2.515479614080844907840398336078316133389677312394398001673809]
5  5  29/27              12899/3888                    1/16    [5, 10, 15]    [0.131799356827016832557664457131479890735826671587851068262655, 0.131799356827016832557664457131479890735826671587851068262656]
7  3  33/31              2219/992                      1/14    [7]            [0.436413057785189392792327821607123828411286675349520834747648, 0.436413057785189392792327821607123828411286675349520834747649]

CERTIFIED: True
Smallest certified lower endpoint occurs at (p,s)= (5, 5)
Y = 1/16
lower endpoint = 0.131799356827016832557664457131479890735826671587851068262655
upper endpoint = 0.131799356827016832557664457131479890735826671587851068262656
